915
622 775
82 108
338 784
32 101
474 564
626 186
23 11
28 455
59 2
303 168
238 134
76 118
95 92
115 224
634 531
86 122
208 145
425 377
351 204
254 222
170 93
489 175
789 630
46 112
911 152
526 618
271 261
854 360
33 178
220 81
117 435
349 37
243 555
377 480
92 89
349 899
350 48
11 40
13 9
77 802
492 560
232 132
322 476
210 56
209 370
142 399
76 145
39 10
319 152
346 460
42 307
250 677
154 2
691 680
231 326
144 345
897 310
186 53
366 614
56 536
31 24
164 34
285 530
331 139
47 137
14 16
719 6
620 455
221 576
482 235
635 419
509 547
591 315
189 316
577 25
773 847
362 56
353 312
681 46
22 181
348 382
35 697
103 153
77 24
458 52
156 165
823 133
404 811
36 424
738 408
2 201
894 533
763 914
355 688
353 556
159 590
364 867
4 3
848 708
452 370
803 456
4 53
8 439
632 231
183 153
302 892
445 375
151 129
169 3
700 587
744 214
96 259
689 219
513 421
528 844
22 550
150 159
11 1
763 572
516 798
283 73
36 62
136 175
481 375
652 230
89 60
91 812
13 739
203 50
98 28
16 559
175 216
298 276
168 258
609 845
93 195
680 82
213 13
97 365
54 647
39 437
117 12
377 285
479 768
862 370
879 757
638 231
642 350
21 467
200 413
242 866
286 160
56 242
236 388
806 821
597 49
741 749
466 175
45 209
504 249
708 215
581 163
95 274
160 162
704 321
449 243
206 13
382 410
225 526
300 342
658 628
170 539
75 782
148 751
16 33
147 832
392 456
196 519
712 482
494 112
104 205
10 79
732 276
480 910
472 827
523 518
870 398
645 806
454 390
733 21
697 833
256 621
168 158
375 386
15 22
634 682
35 36
630 655
790 359
694 675
146 137
52 70
403 865
457 291
584 503
718 101
520 497
74 7
246 568
311 156
6 725
158 185
59 341
679 495
124 71
408 441
393 503
438 26
669 272
305 134
79 337
649 396
444 67
31 431
486 376
406 397
676 48
30 119
764 500
531 130
908 388
27 17
794 316
19 34
754 743
10 14
118 143
161 174
685 585
153 470
221 159
268 204
366 85
509 483
414 338
773 105
465 111
394 734
430 203
61 493
249 215
394 318
211 474
496 128
383 105
10 218
606 221
800 663
446 337
233 203
172 4
205 289
154 421
121 450
127 43
267 695
393 345
399 500
636 143
41 306
670 283
39 45
275 192
585 901
341 400
184 648
240 780
278 175
251 714
557 501
506 93
145 333
302 664
582 759
674 555
30 93
2 1
399 570
808 780
23 322
860 417
104 114
24 15
248 115
416 302
418 53
637 406
769 421
3 28
536 722
902 360
322 527
840 400
703 546
149 80
217 312
24 525
38 33
898 89
480 495
445 544
233 644
324 96
511 741
877 890
339 549
484 439
320 43
782 849
429 318
22 247
118 171
385 668
586 303
132 144
373 339
459 475
250 20
612 580
225 595
81 624
302 112
335 212
217 270
89 735
238 261
76 436
218 328
277 463
587 178
687 28
543 409
131 497
593 488
602 147
31 86
176 565
2 5
126 47
22 35
91 202
287 11
468 2
473 136
355 205
66 49
769 822
447 137
185 607
388 745
491 686
156 28
180 762
692 864
391 256
885 221
263 830
215 397
58 140
626 633
472 896
219 5
761 468
42 84
411 351
508 8
105 11
127 358
45 132
73 1
876 695
50 23
213 301
422 361
46 198
155 772
74 176
659 702
672 711
142 83
639 715
728 687
585 743
400 627
11 765
112 553
283 623
858 627
308 142
37 41
334 580
157 295
273 82
400 492
87 23
662 596
520 753
10 49
361 516
904 338
245 105
90 292
99 222
433 199
460 673
180 170
461 32
19 32
846 284
409 196
321 332
535 273
322 619
241 57
106 107
512 552
44 29
389 215
162 235
185 878
28 359
851 69
51 23
628 824
807 422
47 135
412 337
357 65
414 462
501 592
116 70
211 379
540 422
529 43
358 374
19 148
842 279
217 64
846 882
479 171
418 895
277 369
884 618
123 338
148 260
25 262
18 120
653 428
786 402
277 100
723 62
141 701
195 313
230 86
15 54
31 226
13 111
233 323
22 841
309 123
600 574
711 881
816 580
97 661
493 663
640 529
464 796
766 25
172 521
903 266
551 418
755 408
785 704
217 510
253 7
47 563
65 281
445 777
656 230
75 85
857 200
317 115
730 534
413 716
181 887
18 15
423 255
365 548
340 59
64 102
361 73
40 579
234 172
34 558
469 912
7 131
229 288
43 40
90 42
48 3
443 182
57 32
15 88
570 770
193 771
575 417
537 125
280 336
545 440
440 234
354 368
888 718
448 434
6 729
572 541
667 601
589 62
79 598
97 121
792 168
78 48
100 528
134 47
496 809
58 12
483 588
45 405
6 9
104 9
268 407
37 432
2 3
402 19
491 88
490 356
653 737
109 36
82 36
340 880
239 913
56 5
200 255
279 269
645 508
247 831
11 150
282 170
511 258
567 610
541 353
760 906
330 6
164 726
625 422
42 94
281 871
369 843
763 791
196 779
886 221
47 207
580 709
27 223
250 256
746 152
196 229
231 826
693 417
214 296
155 665
177 126
583 275
139 594
37 30
44 801
38 692
859 559
157 9
501 132
690 449
314 39
834 407
27 106
248 420
471 118
23 554
484 578
442 378
117 756
332 396
10 321
818 60
200 16
513 657
650 498
213 453
628 537
75 68
127 325
199 122
32 252
44 378
329 532
1 71
181 197
676 835
244 222
72 225
561 57
631 819
163 31
758 478
646 572
13 750
193 395
48 415
331 346
348 154
778 363
57 65
546 103
23 138
137 196
149 774
596 49
742 7
510 874
67 14
215 267
277 566
781 177
793 88
485 767
684 187
748 123
218 426
815 187
873 303
376 617
889 705
427 795
101 291
264 193
129 36
172 211
385 622
485 394
344 137
144 167
273 609
404 46
64 15
19 10
542 505
227 43
92 103
284 59
574 108
228 207
679 698
390 42
839 68
504 813
200 231
12 10
512 509
776 729
310 10
158 173
194 86
11 736
582 49
671 366
152 91
276 261
141 160
161 131
488 415
372 304
26 20
838 273
571 200
760 270
256 883
518 223
356 220
3 21
142 814
250 251
35 113
817 727
339 329
287 678
376 84
56 304
290 8
47 13
7 15
828 800
483 299
787 60
293 16
654 220
480 502
717 708
214 205
26 905
198 747
408 355
257 199
95 96
313 434
630 486
103 380
68 35
820 477
354 317
872 512
283 643
157 385
856 877
85 130
24 80
298 615
507 221
707 449
300 64
629 231
451 293
385 672
45 585
721 274
17 30
401 227
190 58
7 856
861 331
24 381
123 17
4 25
6 2
608 238
788 837
534 431
40 61
810 318
375 335
315 135
560 616
752 350
26 266
7 1
8 91
27 128
133 79
308 705
478 107
35 318
343 204
238 720
223 829
139 299
360 68
250 533
371 161
182 12
246 36
562 126
659 627
188 105
129 158
215 146
272 166
92 403
869 585
317 601
304 498
459 249
64 99
17 9
125 240
387 215
184 150
52 27
217 243
110 10
3 853
419 142
577 683
472 599
56 334
107 900
364 392
398 90
407 850
868 632
4 83
613 545
569 220
116 364
163 187
290 417
893 915
113 115
603 387
60 19
297 125
629 724
182 427
141 464
367 277
467 641
4 20
3 189
198 212
29 42
727 295
797 254
13 69
909 737
810 907
1 8
250 522
110 384
86 472
538 454
35 239
256 265
477 296
757 459
855 332
675 235
130 363
155 125
156 166
97 37
73 836
58 72
262 263
204 115
651 2
70 611
270 696
236 6
21 192
47 524
28 63
76 9
13 740
710 130
487 77
660 312
247 699
852 57
55 24
893 340
863 559
141 35
179 137
327 122
250 428
125 30
517 418
6 10
573 5
825 375
65 329
567 502
706 519
308 352
469 18
804 20
427 731
81 66
